I

740 Version - build 1795, metadata StarXP740 Copyright © 2004, Robin A. Peel (robinp@mindspring.com).   This data is free software; you can redistribute it and/or modify it under the terms of the GNU General Public License as published by the Free Software Foundation; either version 2 of the License, or (at your option) any later version.  This program is distributed in the hope that it will be useful, but WITHOUT ANY WARRANTY; without even the implied warranty of MERCHANTABILITY or FITNESS FOR A PARTICULAR PURPOSE.  See the GNU General Public License for more details.  You should have received a copy of the GNU General Public License along with this program ("AptNavGNULicence.txt"); if not, write to the Free Software Foundation, Inc., 59 Temple Place, Suite 330, Boston, MA 02111-1307, USA.  



 6.752569 -16.713143  -1.43 Sirius

 6.399192 -52.695718  -0.62 Canopus

14.261208  19.187270  -0.10 Arcturus

14.661361 -60.835147   0.01 Rigel Kentaurus A

18.615607  38.782993   0.03 Vega

 5.242298  -8.201639   0.18 Rigel

 7.655149   5.227508   0.38 Procyon

 1.628542 -57.236660   0.45 Achernar

 5.919525   7.407036   0.45 Betelgeuse

14.063735 -60.372978   0.61 Hadar

 5.278138  45.999029   0.71 Capella

12.443317 -63.099056   0.77 Acrux

19.846301   8.867385   0.77 Altair

 4.598667  16.509762   0.85 Aldebaran

 5.277851  46.006709   0.96  

13.419890 -11.161245   0.98 Spica

16.490130 -26.431946   1.06 Antares

 7.755379  28.026310   1.14 Pollux

22.960785 -29.621837   1.16 Fomalhaut

12.795366 -59.688732   1.25  

20.690532  45.280334   1.25 Deneb

14.660942 -60.839471   1.34 Rigel Kentaurus B

10.139572  11.967195   1.36 Regulus

 6.977096 -28.972089   1.50 Adhara

12.519425 -57.112569   1.59  

17.560146 -37.103748   1.62 Shaula

 5.418852   6.349735   1.64 Bellatrix

 5.438194  28.607873   1.65 Alnath

 9.220067 -69.717472   1.67  

 5.603559  -1.201917   1.69 Alnilam

 5.679312  -1.942578   1.74 Alnitak

22.137188 -46.960616   1.74 Alnair

 8.158876 -47.336612   1.75  

12.900454  55.959843   1.76 Alioth

 3.405375  49.861243   1.79 Mirphak

18.402874 -34.384315   1.79 Kaus Australis

11.062177  61.751119   1.81 Dubhe

 7.139857 -26.393208   1.83  

13.792374  49.313303   1.85 Alkaid

 8.375240 -59.509538   1.86  

17.621979 -42.997822   1.86  

 5.992158  44.947435   1.90  

16.811074 -69.027635   1.91  

 6.628528  16.399415   1.93 Alhena

 7.576668  31.888636   1.94 Castor

20.427458 -56.734881   1.94  

 2.529743  89.264138   1.97 Polaris

 6.378330 -17.955917   1.98  

 9.459792  -8.658683   1.99 Alphard

 2.119524  23.462777   2.00 Hamal

10.332823  19.841860   2.01 Algieba

 8.745055 -54.708568   2.02  

 0.726452 -17.986684   2.04 Diphda

 1.162166  35.620830   2.05 Mirach

18.921088 -26.296594   2.05 Nunki

14.111479 -36.368696   2.06  

 0.139769  29.090828   2.07 Alpheratz

 5.795941 -9.669602   2.07 Saiph

14.845110  74.155476   2.07 Kochab

22.711093 -46.884566   2.07  

17.582224  12.560576   2.08 Rasalhague

 3.136147  40.955651   2.09 Algol

 2.064978  42.329848   2.10  

11.817744  14.572337   2.14 Denebola

 0.945139  60.716750   2.15  

12.692001 -48.959886   2.20  

 8.059742 -40.003188   2.21  

 9.284841 -59.275261   2.21  

15.578108  26.714910   2.22 Alphekka

 9.133271 -43.432624   2.23  

20.370472  40.256682   2.23  

 0.675108  56.537409   2.24 Shedir

17.943438  51.488951   2.24 Etamin

 5.533444  -0.299093   2.25  

13.398728  54.925415   2.25 Mizar

 0.152803  59.150218   2.27 Caph

13.664798 -53.466363   2.29  

16.005559 -22.621620   2.29  

16.836179 -34.292610   2.29  

14.698826 -47.388141   2.30  

14.591792 -42.157746   2.33  

14.749792  27.074174   2.35 Izar

11.030664  56.382345   2.37 Merak

21.736428   9.875008   2.38 Enif

17.708133 -39.029921   2.39  

 0.438019 -42.305122   2.40 Ankaa

11.897150  53.694733   2.41 Phad

21.309606  62.585455   2.44 Alderamin

23.062870  28.082455   2.44 Scheat

 7.401585 -29.303120   2.45  

20.770120  33.969453   2.45  

 9.368564 -55.010695   2.47  

23.079338  15.205368   2.49 Markab

 3.037994   4.089925   2.54 Menkar

16.619314 -10.567152   2.54  

13.925676 -47.288266   2.55  

11.235114  20.524034   2.56  

16.090621 -19.805393   2.56  

 5.545504 -17.822292   2.58 Arneb

12.139318 -50.722410   2.58  

12.263463 -17.541984   2.58  

19.043534 -29.880114   2.60  

15.283464 -9.382867   2.61  

 1.910653  20.808299   2.64  

15.737777   6.425520   2.64 Unukalhai

 5.660817 -34.074049   2.65  

 5.995344  37.212764   2.65  

12.573121 -23.396623   2.65  

 1.430168  60.235403   2.66  

13.911421  18.398587   2.68  

14.975543 -43.133867   2.68  

 4.949893  33.166135   2.69  

10.779478 -49.420125   2.69  

12.619745 -69.135534   2.69  

17.512733 -37.295740   2.70  

 7.285712 -37.097487   2.71  

18.349895 -29.828039   2.72  

19.770992  10.613269   2.72 Tarazed

16.239102  -3.693976   2.73  

10.715952 -64.394479   2.74  

16.399863  61.514075   2.74  

 5.590550  -5.909900   2.75  

13.343352 -36.712081   2.75  

14.847994 -16.041610   2.75  

17.724549   4.566917   2.76  

16.503684  21.489649   2.78  

17.244128  14.390253   2.78 Rasalgethi

 5.130843  -5.086263   2.79  

12.252432 -58.748902   2.79  

17.507216  52.301359   2.79  

 0.427556 -77.255035   2.80  

15.585683 -41.166695   2.80  

 5.470757 -20.759232   2.81 Nihal

16.598044 -28.215962   2.82  

18.466186 -25.421247   2.82  

 0.220597  15.183616   2.83 Algenib

 8.125751 -24.304437   2.83  

 3.902200  31.883658   2.84  

15.919113 -63.429750   2.84  

17.421666 -55.529824   2.84  

17.530700 -49.875982   2.84  

 3.791407  24.105242   2.85 Alcyone

13.036322  10.959102   2.85 Vindemiatrix

 7.576978  31.891883   2.85  

 1.979409 -61.569924   2.86  

19.749567  45.130692   2.86  

 6.382664  22.513850   2.87  

15.315191 -68.679467   2.87  

21.783968 -16.126566   2.87  

22.308383 -60.259495   2.87  

 2.971032 -40.304735   2.88  

19.162732 -21.023525   2.88  

 7.452520   8.289409   2.89  

12.933845  38.318246   2.89  

15.980867 -26.114043   2.89  

 3.964228  40.010273   2.90  

16.353145 -25.592753   2.90  

21.525978  -5.571156   2.90  

 3.079942  53.506450   2.91  

16.688188  31.601887   2.91  

 9.785038 -65.072019   2.92  

22.716702  30.221309   2.93  

 6.832260 -50.614400   2.94  

12.497773 -16.515094   2.94  

22.096396  -0.319827   2.95  

 3.967147 -13.508245   2.97  

 5.627412  21.142593   2.97  

 9.764195  23.774278   2.97  

18.096812 -30.423650   2.98  

13.315348 -23.171412   2.99  

17.793078 -40.126982   2.99  

19.090170  13.863710   2.99  

 2.159034  34.987392   3.00  

11.161072  44.498553   3.00  

15.345486  71.833973   3.00  

16.864511 -38.047327   3.00  

21.898793 -37.364823   3.00  

 3.715412  47.787653   3.01  

 6.338552 -30.063377   3.02  

 7.050409 -23.833301   3.02  

12.168757 -22.619792   3.02  

17.172962 -15.725148   3.02  

 5.032815  43.823314   3.03  

12.771353 -68.108094   3.04  

14.534655  38.307883   3.04  

19.512024  27.959695   3.05  

20.350180 -14.781401   3.05  

 6.732203  25.131155   3.06  

10.372168  41.499434   3.06  

19.209210  67.661317   3.07  

18.293814 -36.761281   3.10  

 8.923246   5.945528   3.11  

10.827064 -16.194132   3.11  

11.596369 -63.019825   3.11  

20.626108 -47.291662   3.11  

 5.849320 -35.769292   3.12  

16.977009 -55.990055   3.12  

14.986028 -42.104142   3.13  

 8.986900  48.042350   3.14  

 9.350961  34.392526   3.14  

17.250534  24.839587   3.14  

 9.520376 -57.034392   3.16  

17.250793  36.809155   3.16  

 6.629353 -43.195924   3.17  

 9.547868  51.678602   3.17  

17.146451  65.714637   3.17  

18.760931 -26.990779   3.17  

 5.108575  41.234641   3.18  

 4.830594   6.961247   3.19  

 5.091014 -22.370857   3.19  

14.708524 -64.974570   3.19  

16.961186   9.375056   3.19  

17.830959 -37.043371   3.19  

21.215606  30.227081   3.21  

23.655828  77.631967   3.21  

15.356205 -40.647459   3.22  

21.477660  70.560695   3.23  

16.305345  -4.692608   3.24  

20.188407  -0.821476   3.24  

 7.487188 -43.301891   3.25  

15.067851 -25.281856   3.25  

18.982396  32.689553   3.25  

 3.787287 -74.239243   3.26  

18.355256  -2.897122   3.26  

 0.655444  30.861226   3.27  

 6.803205 -61.941980   3.27  

14.106186 -26.682019   3.27  

17.366829 -24.999488   3.27  

22.910844 -15.820760   3.27  

 5.215520 -16.205429   3.29  

10.228966 -70.037922   3.29  

15.415496  58.966024   3.29  

 4.566588 -55.045006   3.30  

10.533746 -61.685360   3.30  

12.257069  57.032598   3.30  

 6.247971  22.506824   3.31  

17.423239 -56.377688   3.31  

 1.101418 -46.718490   3.32  

 3.086249  38.840533   3.32  

17.983777 -9.773350   3.32  

19.115678 -27.669814   3.32  

 4.240398 -62.473979   3.33  

11.237345  15.429763   3.33  

17.202549 -43.238490   3.33  

 7.821572 -24.859784   3.34  

 1.906579  63.670147   3.35  

 5.407949  -2.397138   3.35  

 8.504453  60.718431   3.35  

 6.754843  12.896055   3.36  

19.424931   3.114579   3.36  

13.578265  -0.595938   3.37  

99
